% time	cellId	IMSI	frame	sframe	RNTI	mcs	size
0.026	1	1	3	7	1	0	85
0.027	1	1	3	8	1	0	85
0.582	1	0	59	3	1	2	137
0.028	1	1	3	9	1	0	85
0.583	1	0	59	4	1	2	137
0.029	1	1	3	10	1	0	85
0.589	1	0	59	10	2	12	125
0.589	1	0	59	10	3	28	469
0.589	1	0	59	10	4	8	85
0.589	1	0	59	10	6	14	157
0.589	1	0	59	10	1	2	26
0.03	1	1	4	1	1	0	85
0.584	1	0	59	5	1	2	137
0.031	1	1	4	2	1	0	85
0.585	1	0	59	6	1	2	137
0.032	1	1	4	3	1	0	85
0.033	1	1	4	4	1	0	85
0.586	1	0	59	7	1	2	137
0.034	1	1	4	5	1	0	85
0.587	1	0	59	8	1	2	137
0.035	1	1	4	6	1	0	85
0.036	1	1	4	7	1	0	85
0.588	1	0	59	9	1	2	137
0.037	1	1	4	8	1	0	85
0.589	1	0	59	10	1	2	137
0.038	1	1	4	9	1	0	85
0.59	1	0	60	1	1	2	137
0.039	1	1	4	10	1	0	85
0.04	1	1	5	1	1	0	85
0.591	1	0	60	2	1	2	137
0.041	1	1	5	2	1	0	85
0.592	1	0	60	3	1	2	137
0.042	1	1	5	3	1	0	85
0.593	1	0	60	4	1	2	137
0.043	1	1	5	4	1	0	85
0.59	1	0	60	1	2	12	125
0.59	1	0	60	1	3	28	469
0.59	1	0	60	1	4	8	85
0.59	1	0	60	1	6	14	157
0.59	1	0	60	1	1	2	26
0.044	1	1	5	5	1	0	85
0.594	1	0	60	5	1	2	137
0.045	1	1	5	6	1	0	85
0.595	1	0	60	6	1	2	137
0.046	1	1	5	7	1	0	85
0.596	1	0	60	7	1	2	137
0.047	1	1	5	8	1	0	85
0.048	1	1	5	9	1	0	85
0.597	1	0	60	8	1	2	137
0.049	1	1	5	10	1	0	85
0.591	1	0	60	2	2	12	125
0.591	1	0	60	2	3	28	469
0.591	1	0	60	2	4	8	85
0.591	1	0	60	2	6	14	157
0.591	1	0	60	2	1	2	26
0.05	1	1	6	1	1	0	85
0.051	1	1	6	2	1	0	85
0.052	1	1	6	3	1	0	85
0.053	1	1	6	4	1	0	85
0.598	1	0	60	9	1	2	137
0.054	1	1	6	5	1	0	85
0.599	1	0	60	10	1	2	137
0.055	1	1	6	6	1	0	85
0.056	1	1	6	7	1	0	85
0.057	1	1	6	8	1	0	85
0.058	1	1	6	9	1	0	85
0.059	1	1	6	10	1	0	85
0.06	1	1	7	1	1	0	85
0.592	1	0	60	3	2	12	125
0.592	1	0	60	3	3	28	469
0.592	1	0	60	3	4	8	85
0.592	1	0	60	3	6	14	157
0.592	1	0	60	3	1	2	26
0.593	1	0	60	4	2	12	125
0.593	1	0	60	4	3	28	469
0.593	1	0	60	4	4	8	85
0.593	1	0	60	4	6	14	157
0.593	1	0	60	4	1	2	26
0.594	1	0	60	5	2	12	125
0.594	1	0	60	5	3	28	469
0.594	1	0	60	5	4	8	85
0.594	1	0	60	5	6	14	157
0.594	1	0	60	5	1	2	26
0.595	1	0	60	6	2	12	125
0.595	1	0	60	6	3	28	469
0.595	1	0	60	6	4	8	85
0.595	1	0	60	6	6	14	157
0.595	1	0	60	6	1	2	26
0.596	1	0	60	7	2	12	125
0.596	1	0	60	7	3	28	469
0.596	1	0	60	7	4	8	85
0.596	1	0	60	7	6	14	157
0.596	1	0	60	7	1	2	26
0.597	1	0	60	8	2	12	125
0.597	1	0	60	8	3	28	469
0.597	1	0	60	8	4	8	85
0.597	1	0	60	8	6	14	157
0.597	1	0	60	8	1	2	26
0.598	1	0	60	9	2	12	125
0.598	1	0	60	9	3	28	469
0.598	1	0	60	9	4	8	85
0.598	1	0	60	9	6	14	157
0.598	1	0	60	9	1	2	26
0.599	1	0	60	10	2	12	125
0.599	1	0	60	10	3	28	469
0.599	1	0	60	10	4	8	85
0.599	1	0	60	10	6	14	157
0.599	1	0	60	10	1	2	26
0.6	1	0	61	1	2	12	125
0.6	1	0	61	1	3	28	469
0.6	1	0	61	1	4	8	85
0.6	1	0	61	1	6	14	157
0.6	1	0	61	1	1	2	26
0.601	1	0	61	2	2	12	125
0.601	1	0	61	2	3	28	469
0.601	1	0	61	2	4	8	85
0.601	1	0	61	2	6	14	157
0.601	1	0	61	2	1	2	26
0.602	1	0	61	3	2	12	125
0.602	1	0	61	3	3	28	469
0.602	1	0	61	3	4	8	85
0.602	1	0	61	3	6	14	157
0.602	1	0	61	3	1	2	26
0.603	1	0	61	4	2	12	125
0.603	1	0	61	4	3	28	469
0.603	1	0	61	4	4	8	85
0.603	1	0	61	4	6	14	157
0.603	1	0	61	4	1	2	26
0.604	1	0	61	5	2	12	125
0.604	1	0	61	5	3	28	469
0.604	1	0	61	5	4	8	85
0.604	1	0	61	5	6	14	157
0.604	1	0	61	5	1	2	26
0.605	1	0	61	6	2	12	125
0.605	1	0	61	6	3	28	469
0.605	1	0	61	6	4	8	85
0.605	1	0	61	6	6	14	157
0.605	1	0	61	6	1	2	26
0.606	1	0	61	7	2	12	125
0.606	1	0	61	7	3	28	469
0.606	1	0	61	7	4	8	85
0.606	1	0	61	7	6	14	157
0.606	1	0	61	7	1	2	26
0.607	1	0	61	8	2	12	125
0.607	1	0	61	8	3	28	469
0.607	1	0	61	8	4	8	85
0.607	1	0	61	8	6	14	157
0.607	1	0	61	8	1	2	26
0.608	1	0	61	9	2	12	125
0.608	1	0	61	9	3	28	469
0.608	1	0	61	9	4	8	85
0.608	1	0	61	9	6	14	157
0.608	1	0	61	9	1	2	26
0.609	1	0	61	10	2	12	125
0.609	1	0	61	10	3	28	469
0.609	1	0	61	10	4	8	85
0.609	1	0	61	10	6	14	157
0.609	1	0	61	10	1	2	26
0.61	1	0	62	1	2	12	125
0.61	1	0	62	1	3	28	469
0.61	1	0	62	1	4	8	85
0.61	1	0	62	1	6	14	157
0.61	1	0	62	1	1	2	26
0.611	1	0	62	2	2	12	125
0.611	1	0	62	2	3	28	469
0.611	1	0	62	2	4	8	85
0.611	1	0	62	2	6	14	157
0.611	1	0	62	2	1	2	26
0.612	1	0	62	3	2	12	125
0.612	1	0	62	3	3	28	469
0.612	1	0	62	3	4	8	85
0.612	1	0	62	3	6	14	157
0.612	1	0	62	3	1	2	26
0.613	1	0	62	4	2	12	125
0.613	1	0	62	4	3	28	469
0.613	1	0	62	4	4	8	85
0.613	1	0	62	4	6	14	157
0.613	1	0	62	4	1	2	26
0.614	1	0	62	5	2	12	125
0.614	1	0	62	5	3	28	469
0.614	1	0	62	5	4	8	85
0.614	1	0	62	5	6	14	157
0.614	1	0	62	5	1	2	26
0.615	1	0	62	6	2	12	125
0.615	1	0	62	6	3	28	469
0.615	1	0	62	6	4	8	85
0.615	1	0	62	6	6	14	157
0.615	1	0	62	6	1	2	26
0.616	1	0	62	7	2	12	125
0.616	1	0	62	7	3	28	469
0.616	1	0	62	7	4	8	85
0.616	1	0	62	7	6	14	157
0.616	1	0	62	7	1	2	26
0.617	1	0	62	8	2	12	125
0.617	1	0	62	8	3	28	469
0.617	1	0	62	8	4	8	85
0.617	1	0	62	8	6	14	157
0.617	1	0	62	8	1	2	26
0.618	1	0	62	9	2	12	125
0.618	1	0	62	9	3	28	469
0.618	1	0	62	9	4	8	85
0.618	1	0	62	9	6	14	157
0.618	1	0	62	9	1	2	26
0.619	1	0	62	10	2	12	125
0.619	1	0	62	10	3	28	469
0.619	1	0	62	10	4	8	85
0.619	1	0	62	10	6	14	157
0.619	1	0	62	10	1	2	26
0.62	1	0	63	1	2	12	125
0.62	1	0	63	1	3	28	469
0.62	1	0	63	1	4	8	85
0.62	1	0	63	1	6	14	157
0.62	1	0	63	1	1	2	26
0.621	1	0	63	2	2	12	125
0.621	1	0	63	2	3	28	469
0.621	1	0	63	2	4	8	85
0.621	1	0	63	2	6	14	157
0.621	1	0	63	2	1	2	26
0.622	1	0	63	3	2	12	125
0.622	1	0	63	3	3	28	469
0.622	1	0	63	3	4	8	85
0.622	1	0	63	3	6	14	157
0.622	1	0	63	3	1	2	26
0.623	1	0	63	4	2	12	125
0.623	1	0	63	4	3	28	469
0.623	1	0	63	4	4	8	85
0.623	1	0	63	4	6	14	157
0.623	1	0	63	4	1	2	26
0.624	1	0	63	5	2	12	125
0.624	1	0	63	5	3	28	469
0.624	1	0	63	5	4	8	85
0.624	1	0	63	5	6	14	157
0.624	1	0	63	5	1	2	26
0.625	1	0	63	6	2	12	125
0.625	1	0	63	6	3	28	469
0.625	1	0	63	6	4	8	85
0.625	1	0	63	6	6	14	157
0.625	1	0	63	6	1	2	26
0.626	1	0	63	7	2	12	125
0.626	1	0	63	7	3	28	469
0.626	1	0	63	7	4	8	85
0.626	1	0	63	7	6	14	157
0.626	1	0	63	7	1	2	26
0.627	1	0	63	8	2	12	125
0.627	1	0	63	8	3	28	469
0.627	1	0	63	8	4	8	85
0.627	1	0	63	8	6	14	157
0.627	1	0	63	8	1	2	26
0.628	1	0	63	9	2	12	125
0.628	1	0	63	9	3	28	469
0.628	1	0	63	9	4	8	85
0.628	1	0	63	9	6	14	157
0.628	1	0	63	9	1	2	26
0.629	1	0	63	10	2	12	125
0.629	1	0	63	10	3	28	469
0.629	1	0	63	10	4	8	85
0.629	1	0	63	10	6	14	157
0.629	1	0	63	10	1	2	26
0.63	1	0	64	1	2	12	125
0.63	1	0	64	1	3	28	469
0.63	1	0	64	1	4	8	85
0.63	1	0	64	1	6	14	157
0.63	1	0	64	1	1	2	26
0.631	1	0	64	2	2	12	125
0.631	1	0	64	2	3	28	469
0.631	1	0	64	2	4	8	85
0.631	1	0	64	2	6	14	157
0.631	1	0	64	2	1	2	26
0.632	1	0	64	3	2	12	125
0.632	1	0	64	3	3	28	469
0.632	1	0	64	3	4	8	85
0.632	1	0	64	3	6	14	157
0.632	1	0	64	3	1	2	26
0.633	1	0	64	4	2	12	125
0.633	1	0	64	4	3	28	469
0.633	1	0	64	4	4	8	85
0.633	1	0	64	4	6	14	157
0.633	1	0	64	4	1	2	26
0.634	1	0	64	5	2	12	125
0.634	1	0	64	5	3	28	469
0.634	1	0	64	5	4	8	85
0.634	1	0	64	5	6	14	157
0.634	1	0	64	5	1	2	26
0.635	1	0	64	6	2	12	125
0.635	1	0	64	6	3	28	469
0.635	1	0	64	6	4	8	85
0.635	1	0	64	6	6	14	157
0.635	1	0	64	6	1	2	26
0.636	1	0	64	7	2	12	125
0.636	1	0	64	7	3	28	469
0.636	1	0	64	7	4	8	85
0.636	1	0	64	7	6	14	157
0.636	1	0	64	7	1	2	26
0.637	1	0	64	8	2	12	125
0.637	1	0	64	8	3	28	469
0.637	1	0	64	8	4	8	85
0.637	1	0	64	8	6	14	157
0.637	1	0	64	8	1	2	26
0.638	1	0	64	9	2	12	125
0.638	1	0	64	9	3	28	469
0.638	1	0	64	9	4	8	85
0.638	1	0	64	9	6	14	157
0.638	1	0	64	9	1	2	26
0.639	1	0	64	10	2	12	125
0.639	1	0	64	10	3	28	469
0.639	1	0	64	10	4	8	85
0.639	1	0	64	10	6	14	157
0.639	1	0	64	10	1	2	26
0.64	1	0	65	1	2	12	125
0.64	1	0	65	1	3	28	469
0.64	1	0	65	1	4	8	85
0.64	1	0	65	1	6	14	157
0.64	1	0	65	1	1	2	26
0.641	1	0	65	2	2	12	125
0.641	1	0	65	2	3	28	469
0.641	1	0	65	2	4	8	85
0.641	1	0	65	2	6	14	157
0.641	1	0	65	2	1	2	26
0.642	1	0	65	3	2	12	125
0.642	1	0	65	3	3	28	469
0.642	1	0	65	3	4	8	85
0.642	1	0	65	3	6	14	157
0.642	1	0	65	3	1	2	26
0.643	1	0	65	4	2	12	125
0.643	1	0	65	4	3	28	469
0.643	1	0	65	4	4	8	85
0.643	1	0	65	4	6	14	157
0.643	1	0	65	4	1	2	26
0.644	1	0	65	5	2	12	125
0.644	1	0	65	5	3	28	469
0.644	1	0	65	5	4	8	85
0.644	1	0	65	5	6	14	157
0.644	1	0	65	5	1	2	26
0.645	1	0	65	6	2	12	125
0.645	1	0	65	6	3	28	469
0.645	1	0	65	6	4	8	85
0.645	1	0	65	6	6	14	157
0.645	1	0	65	6	1	2	26
0.646	1	0	65	7	2	12	125
0.646	1	0	65	7	3	28	469
0.646	1	0	65	7	4	8	85
0.646	1	0	65	7	6	14	157
0.646	1	0	65	7	1	2	26
0.647	1	0	65	8	2	12	125
0.647	1	0	65	8	3	28	469
0.647	1	0	65	8	4	8	85
0.647	1	0	65	8	6	14	157
0.647	1	0	65	8	1	2	26
0.648	1	0	65	9	2	12	125
0.648	1	0	65	9	3	28	469
0.648	1	0	65	9	4	8	85
0.648	1	0	65	9	6	14	157
0.648	1	0	65	9	1	2	26
0.649	1	0	65	10	2	12	125
0.649	1	0	65	10	3	28	469
0.649	1	0	65	10	4	8	85
0.649	1	0	65	10	6	14	157
0.649	1	0	65	10	1	2	26
0.65	1	0	66	1	2	12	125
0.65	1	0	66	1	3	28	469
0.65	1	0	66	1	4	8	85
0.65	1	0	66	1	6	14	157
0.65	1	0	66	1	1	2	26
0.651	1	0	66	2	2	12	125
0.651	1	0	66	2	3	28	469
0.651	1	0	66	2	4	8	85
0.651	1	0	66	2	6	14	157
0.651	1	0	66	2	1	2	26
0.652	1	0	66	3	2	12	125
0.652	1	0	66	3	3	28	469
0.652	1	0	66	3	4	8	85
0.652	1	0	66	3	6	14	157
0.652	1	0	66	3	1	2	26
0.653	1	0	66	4	2	12	125
0.653	1	0	66	4	3	28	469
0.653	1	0	66	4	4	8	85
0.653	1	0	66	4	6	14	157
0.653	1	0	66	4	1	2	26
0.654	1	0	66	5	2	12	125
0.654	1	0	66	5	3	28	469
0.654	1	0	66	5	4	8	85
0.654	1	0	66	5	6	14	157
0.654	1	0	66	5	1	2	26
0.655	1	0	66	6	2	12	125
0.655	1	0	66	6	3	28	469
0.655	1	0	66	6	4	8	85
0.655	1	0	66	6	6	14	157
0.655	1	0	66	6	1	2	26
0.656	1	0	66	7	2	12	125
0.656	1	0	66	7	3	28	469
0.656	1	0	66	7	4	8	85
0.656	1	0	66	7	6	14	157
0.656	1	0	66	7	1	2	26
0.657	1	0	66	8	2	12	125
0.657	1	0	66	8	3	28	469
0.657	1	0	66	8	4	8	85
0.657	1	0	66	8	6	14	157
0.657	1	0	66	8	1	2	26
0.658	1	0	66	9	2	12	125
0.658	1	0	66	9	3	28	469
0.658	1	0	66	9	4	8	85
0.658	1	0	66	9	6	14	157
0.658	1	0	66	9	1	2	26
0.659	1	0	66	10	2	12	125
0.659	1	0	66	10	3	28	469
0.659	1	0	66	10	4	8	85
0.659	1	0	66	10	6	14	157
0.659	1	0	66	10	1	2	26
0.66	1	0	67	1	2	12	125
0.66	1	0	67	1	3	28	469
0.66	1	0	67	1	4	8	85
0.66	1	0	67	1	6	14	157
0.66	1	0	67	1	1	2	26
0.661	1	0	67	2	2	12	125
0.661	1	0	67	2	3	28	469
0.661	1	0	67	2	4	8	85
0.661	1	0	67	2	6	14	157
0.661	1	0	67	2	1	2	26
0.662	1	0	67	3	2	12	125
0.662	1	0	67	3	3	28	469
0.662	1	0	67	3	4	8	85
0.662	1	0	67	3	6	14	157
0.662	1	0	67	3	1	2	26
0.663	1	0	67	4	2	12	125
0.663	1	0	67	4	3	28	469
0.663	1	0	67	4	4	8	85
0.663	1	0	67	4	6	14	157
0.663	1	0	67	4	1	2	26
0.664	1	0	67	5	2	12	125
0.664	1	0	67	5	3	28	469
0.664	1	0	67	5	4	8	85
0.664	1	0	67	5	6	14	157
0.664	1	0	67	5	1	2	26
0.665	1	0	67	6	2	12	125
0.665	1	0	67	6	3	28	469
0.665	1	0	67	6	4	8	85
0.665	1	0	67	6	6	14	157
0.665	1	0	67	6	1	2	26
0.666	1	0	67	7	2	12	125
0.666	1	0	67	7	3	28	469
0.666	1	0	67	7	4	8	85
0.666	1	0	67	7	6	14	157
0.666	1	0	67	7	1	2	26
0.667	1	0	67	8	2	12	125
0.667	1	0	67	8	3	28	469
0.667	1	0	67	8	4	8	85
0.667	1	0	67	8	6	14	157
0.667	1	0	67	8	1	2	26
0.668	1	0	67	9	2	12	125
0.668	1	0	67	9	3	28	469
0.668	1	0	67	9	4	8	85
0.668	1	0	67	9	6	14	157
0.668	1	0	67	9	1	2	26
0.669	1	0	67	10	2	12	125
0.669	1	0	67	10	3	28	469
0.669	1	0	67	10	4	8	85
0.669	1	0	67	10	6	14	157
0.669	1	0	67	10	1	2	26
0.67	1	0	68	1	2	12	125
0.67	1	0	68	1	3	28	469
0.67	1	0	68	1	4	8	85
0.67	1	0	68	1	6	14	157
0.67	1	0	68	1	1	2	26
0.671	1	0	68	2	2	12	125
0.671	1	0	68	2	3	28	469
0.671	1	0	68	2	4	8	85
0.671	1	0	68	2	6	14	157
0.671	1	0	68	2	1	2	26
0.672	1	0	68	3	2	12	125
0.672	1	0	68	3	3	28	469
0.672	1	0	68	3	4	8	85
0.672	1	0	68	3	6	14	157
0.672	1	0	68	3	1	2	26
0.673	1	0	68	4	2	12	125
0.673	1	0	68	4	3	28	469
0.673	1	0	68	4	4	8	85
0.673	1	0	68	4	6	14	157
0.673	1	0	68	4	1	2	26
1.039	1	1	104	10	1	0	85
1.04	1	1	105	1	1	0	85
1.041	1	1	105	2	1	0	85
1.042	1	1	105	3	1	0	85
1.043	1	1	105	4	1	0	85
1.044	1	1	105	5	1	0	85
1.045	1	1	105	6	1	0	85
0.674	1	0	68	5	2	12	125
0.674	1	0	68	5	3	28	469
0.674	1	0	68	5	4	8	85
0.674	1	0	68	5	6	14	157
0.674	1	0	68	5	1	2	26
0.675	1	0	68	6	2	12	125
0.675	1	0	68	6	3	28	469
0.675	1	0	68	6	4	8	85
0.675	1	0	68	6	6	14	157
0.675	1	0	68	6	1	2	26
1.052	1	1	106	3	1	0	85
0.676	1	0	68	7	2	12	125
0.676	1	0	68	7	3	28	469
0.676	1	0	68	7	4	8	85
0.676	1	0	68	7	6	14	157
0.676	1	0	68	7	1	2	26
0.677	1	0	68	8	2	12	125
0.677	1	0	68	8	3	28	469
0.677	1	0	68	8	4	8	85
0.677	1	0	68	8	6	14	157
0.677	1	0	68	8	1	2	26
0.678	1	0	68	9	2	12	125
0.678	1	0	68	9	3	28	469
0.678	1	0	68	9	4	8	85
0.678	1	0	68	9	6	14	157
0.678	1	0	68	9	1	2	26
0.679	1	0	68	10	2	12	125
0.679	1	0	68	10	3	28	469
0.679	1	0	68	10	4	8	85
0.679	1	0	68	10	6	14	157
0.679	1	0	68	10	1	2	26
0.68	1	0	69	1	2	12	125
0.68	1	0	69	1	3	28	469
0.68	1	0	69	1	4	8	85
0.68	1	0	69	1	6	14	157
0.68	1	0	69	1	1	2	26
0.681	1	0	69	2	2	12	125
0.681	1	0	69	2	3	28	469
0.681	1	0	69	2	4	8	85
0.681	1	0	69	2	6	14	157
0.681	1	0	69	2	1	2	26
0.682	1	0	69	3	2	12	125
0.682	1	0	69	3	3	28	469
0.682	1	0	69	3	4	8	85
0.682	1	0	69	3	6	14	157
0.682	1	0	69	3	1	2	26
0.683	1	0	69	4	2	12	125
0.683	1	0	69	4	3	28	469
0.683	1	0	69	4	4	8	85
0.683	1	0	69	4	6	14	157
0.683	1	0	69	4	1	2	26
0.684	1	0	69	5	2	12	125
0.684	1	0	69	5	3	28	469
0.684	1	0	69	5	4	8	85
0.684	1	0	69	5	6	14	157
0.684	1	0	69	5	1	2	26
0.685	1	0	69	6	2	12	125
0.685	1	0	69	6	3	28	469
0.685	1	0	69	6	4	8	85
0.685	1	0	69	6	6	14	157
0.685	1	0	69	6	1	2	26
0.686	1	0	69	7	2	12	125
0.686	1	0	69	7	3	28	469
0.686	1	0	69	7	4	8	85
0.686	1	0	69	7	6	14	157
0.686	1	0	69	7	1	2	26
0.687	1	0	69	8	2	12	125
0.687	1	0	69	8	3	28	469
0.687	1	0	69	8	4	8	85
0.687	1	0	69	8	6	14	157
0.687	1	0	69	8	1	2	26
0.688	1	0	69	9	2	12	125
0.688	1	0	69	9	3	28	469
0.688	1	0	69	9	4	8	85
0.688	1	0	69	9	6	14	157
0.688	1	0	69	9	1	2	26
0.689	1	0	69	10	2	12	125
0.689	1	0	69	10	3	28	469
0.689	1	0	69	10	4	8	85
0.689	1	0	69	10	6	14	157
0.689	1	0	69	10	1	2	26
0.69	1	0	70	1	2	12	125
0.69	1	0	70	1	3	28	469
0.69	1	0	70	1	4	8	85
0.69	1	0	70	1	6	14	157
0.69	1	0	70	1	1	2	26
0.691	1	0	70	2	2	12	125
0.691	1	0	70	2	3	28	469
0.691	1	0	70	2	4	8	85
0.691	1	0	70	2	6	14	157
0.691	1	0	70	2	1	2	26
0.692	1	0	70	3	2	12	125
0.692	1	0	70	3	3	28	469
0.692	1	0	70	3	4	8	85
0.692	1	0	70	3	6	14	157
0.692	1	0	70	3	1	2	26
0.693	1	0	70	4	2	12	125
0.693	1	0	70	4	3	28	469
0.693	1	0	70	4	4	8	85
0.693	1	0	70	4	6	14	157
0.693	1	0	70	4	1	2	26
0.694	1	0	70	5	2	12	125
0.694	1	0	70	5	3	28	469
0.694	1	0	70	5	4	8	85
0.694	1	0	70	5	6	14	157
0.694	1	0	70	5	1	2	26
0.695	1	0	70	6	2	12	125
0.695	1	0	70	6	3	28	469
0.695	1	0	70	6	4	8	85
0.695	1	0	70	6	6	14	157
0.695	1	0	70	6	1	2	26
0.696	1	0	70	7	2	12	125
0.696	1	0	70	7	3	28	469
0.696	1	0	70	7	4	8	85
0.696	1	0	70	7	6	14	157
0.696	1	0	70	7	1	2	26
0.697	1	0	70	8	2	12	125
0.697	1	0	70	8	3	28	469
0.697	1	0	70	8	4	8	85
0.697	1	0	70	8	6	14	157
0.697	1	0	70	8	1	2	26
0.698	1	0	70	9	2	12	125
0.698	1	0	70	9	3	28	469
0.698	1	0	70	9	4	8	85
0.698	1	0	70	9	6	14	157
0.698	1	0	70	9	1	2	26
0.699	1	0	70	10	2	12	125
0.699	1	0	70	10	3	28	469
0.699	1	0	70	10	4	8	85
0.699	1	0	70	10	6	14	157
0.699	1	0	70	10	1	2	26
